47383
46761
13000
60477
6626
11505
7475
45430
26264
43620
19830
2221
25646
39169
64942
29848
53767
29082
52837
2689
15518
16517
50332
2532
7708
56136
36698
11855
52535
14463
48046
34382
61225
61047
29323
2315
7016
36798
47746
33281
14883
2040
35502
40529
41210
34909
4842
29441
63991
57679
32131
13973
8660
16927
16505
16369
7527
53203
28224
60062
2131
10735
28908
63356
6246
58231
135
13262
29494
47881
46543
44377
49922
16510
19370
25596
51419
24212
55037
49874
16356
21632
63848
25016
38560
14817
41385
46087
2485
4074
40614
4616
14809
3986
2436
21055
62218
2571
34317
26176
50453
15325
5017
34839
31835
24387
60435
17718
48600
49936
2056
64956
6033
368
24436
44593
15186
286
25144
17671
4360
222
22287
19169
4209
24723
40224
891
27294
9005
27067
12211
24330
32084
47050
56165
56471
41949
8347
39535
26350
10404
38955
32383
10772
63392
11440
25958
63678
36584
43629
2502
36807
380
21671
41016
25103
61895
41907
52398
5364
3438
64609
29695
35522
46124
20324
26457
22537
28672
457
48887
39076
39412
15734
49848
37268
27174
10271
35410
63759
53900
37912
35030
54281
59583
10510
13848
55942
52417
710
61307
55855
65320
25466
25841
45908
45790
52298
2909
8926
52755
51797
48002
26632
1995
32315
63900
29170
42586
33775
27393
30950
6151
62423
19695
199
7397
33544
56141
59814
34254
51912
50133
34038
11842
10438
14410
57633
62736
17320
1023
49956
3581
49026
11052
5576
15805
9416
34746
58391
43191
62139
23805
49343
59026
43501
49542
887
11509
40147
60701
45763
26524
45298
14266
38366
55736
28676
30463
52937
45996
31487
37357
49577
14977
48409
55154
30782
57825
24364
23637
35481
20968
47442
19288
14458
25407
3294
15346
36916
43441
10511
17144
4429
55810
31410
42796
46010
60086
7723
33411
40547
39210
5232
24588
54187
53641
14206
19433
45931
38571
43070
15876
59539
24977
35164
8461
50384
38458
23807
21765
16363
34319
38909
20793
24593
4783
63589
5067
64869
5776
38479
39880
44987
43711
64469
33638
31817
13139
53072
12212
51710
30606
28088
45713
55583
63252
54175
40432
36174
12446
62197
52537
46765
35570
7794
5822
40353
5847
10890
39686
11624
49369
14031
56611
27544
12964
24713
59361
26103
12249
6037
12278
42856
34125
57991
32903
31841
46630
7799
2479
59077
4460
55017
40306
40030
62811
46129
14847
3123
57019
54534
14747
40852
3029
5822
2860
15993
30535
62222
42096
42785
2723
54374
20105
36849
46830
53008
3154
27924
60808
5634
21465
65268
60651
61772
39763
57926
42365
54610
61049
33848
43608
10260
9164
46637
16082
12024
62630
46618
8710
39191
23867
11434
28029
43972
48283
9323
31444
51437
37248
26716
57071
58713
26449
52186
54949
676
44577
31778
55286
40090
90
33359
50351
9254
14460
897
21279
11555
47515
29989
50746
5846
41423
13239
49818
24170
22563
15727
10072
59811
42443
1607
52988
3356
53794
42402
4032
32835
8644
59319
7389
8735
27142
57740
17989
41602
58638
39268
53157
40617
3722
38367
46464
45145
51607
30746
3780
8634
46473
13852
2909
23381
15459
55897
26737
3717
32763
30770
36552
41408
24553
43942
50143
51695
36146
2596
27761
29248
41865
15383
4330
45587
53750
50794
25196
39821
16004
28976
48455
62478
42828
51364
20323
58288
41726
47060
62005
8953
12294
33022
50361
36847
11428
34968
23006
47574
37565
50768
11287
13894
615
15617
59481
54365
875
19141
28651
16879
48118
11570
13821
25410
62935
34144
18162
39125
15669
14632
48078
27963
47654
32904
64811
59082
2336
22281
41120
39901
7513
52407
53795
8128
2488
47740
62494
3363
1346
25609
20243
49464
37179
34064
9338
34578
2673
27501
8167
18342
42133
56246
46305
24251
23614
45580
17797
25950
2326
58917
316
9839
45789
54111
17968
48277
36316
14926
51641
37662
40535
6348
21590
12178
40412
30928
46757
43085
58429
54924
61427
35026
45634
42197
59277
3712
22241
11538
29663
24567
4920
29979
34407
50709
18554
52375
33450
54870
1765
19555
26996
42300
25903
48586
54478
780
13979
35699
43865
6872
25088
39757
41899
5186
16418
35640
8899
38659
47179
38562
63227
52099
3005
32098
37272
21559
18937
5186
10894
20702
24742
37890
63002
50645
20941
51944
51425
34920
22108
29755
41792
47196
3976
18155
52382
20394
53796
61281
59053
35439
34307
56744
22002
37312
23306
59274
58872
42243
64460
4230
62945
23666
42120
60411
8776
63061
46820
60201
32445
3392
24420
8702
50588
28396
26857
37434
48790
15117
33180
42308
50556
1951
33516
7022
39264
56823
760
32600
33530
65221
36830
30940
23351
13414
25815
32127
10940
7099
26793
43385
10491
51213
52087
61079
14074
13409
32978
62864
28526
622
39636
13547
2573
7617
20569
41837
64440
21330
8901
32434
21015
45731
63374
44366
59146
23654
10958
4550
30753
37751
47935
41245
23428
34487
36788
37502
47896
4230
34831
10886
4852
8931
24433
7426
16548
45003
49263
15452
797
58165
47887
21812
38360
45725
642
31970
3843
11600
36520
34597
49351
18920
10306
7244
53407
47094
44746
35767
51325
14041
46653
56177
22973
5551
63603
39521
50554
47331
54974
51351
39960
37325
7627
12784
17514
8269
44755
21358
19870
15739
55955
3685
34659
725
10929
22530
47819
55676
58297
33608
4181
39415
24250
27154
44966
22317
1140
29984
4112
56114
15799
44072
27903
23426
56857
45417
31695
36076
1239
51565
51815
57194
55251
20939
57919
644
43469
40203
56320
36231
8275
60502
10110
32525
22120
55076
54843
23260
19524
58955
13838
35323
37492
41741
58749
28813
21623
24908
64889
22862
10938
51168
14521
653
6571
6904
1297
50041
47107
57618
20736
55383
52584
30846
22372
9168
20386
11679
32429
39910
5099
46267
9697
42591
22473
2910
5868
44096
27818
5221
1422
38756
56389
15943
39409
62961
22848
40707
47466
4419
32789
2666
59802
19837
33512
16639
29005
53898
28318
61434
28272
33417
42166
37969
10472
64639
40879
16340
43199
3161
21561
44621
41918
12415
60565
15791
9840
17877
56498
57306
22296
23751
59972
16563
43588
27948
33202
7058
16310
61520
2956
44582
29402
45122
17015
39874
44225
57894
56215
21888
61055
12240
974
37437
24655
61539
53229
34495
13880
44191
26265
36176
2407
20701
52739
45995
48649
20405
53053
